Substitution Type	Trinucleotide	Somatic Mutation Type	Signature 1A	Signature 1B	Signature 2	Signature 3	Signature 4	Signature 5	Signature 6	Signature 7	Signature 8	Signature 9	Signature 10	Signature 11	Signature 12	Signature 13	Signature 14	Signature 15	Signature 16	Signature 17	Signature 18	Signature 19	Signature 20	Signature 21	Signature R1	Signature R2	Signature R3	Signature U1	Signature U2
C>A	ACA	A[C>A]A	0.0112	0.0104	0.0105	0.024	0.0365	0.0149	0.0017	0.0004	0.0368	0.012	0.0007	0.0002	0.0077	0.0007	0.0001	0.0013	0.0161	0.0018	0.05	0.0107	0.0013	0.0001	0.021	0.0137	0.0044	0.0105	0.0221
C>A	ACC	A[C>A]C	0.0092	0.0093	0.0061	0.0197	0.0309	0.0089	0.0028	0.0005	0.0287	0.0067	0.001	0.001	0.0047	0.0001	0.0042	0.004	0.0097	0.0003	0.0076	0.0074	0.0024	0.0007	0.0065	0.0046	0.0047	0.0005	0.0123
C>A	ACG	A[C>A]G	0.0015	0.0016	0.0013	0.0019	0.0183	0.0022	0.0005	0	0.0017	0.0005	0.0003	0	0.0017	0.0001	0.0005	0	0.0022	0	0.0017	0.0005	0	0	0	0.0048	0.0003	0	0.0028
C>A	ACT	A[C>A]T	0.0063	0.0067	0.0037	0.0172	0.0243	0.0092	0.0019	0.0004	0.03	0.0068	0.0092	0.0002	0.0046	0.0002	0.0296	0.0057	0.0088	0.0032	0.0181	0.0074	0.0029	0.0006	0.0058	0.0081	0.0034	0.0112	0.0118
C>A	CCA	C[C>A]A	0.0067	0.009	0.0061	0.0194	0.0461	0.0097	0.0101	0.0012	0.0303	0.0098	0.0031	0.0007	0.0135	0.0035	0.0056	0.0106	0.0159	0.001	0.0965	0.0112	0.0178	0.002	0.0076	0.3117	0.0156	0.0173	0.0057
C>A	CCC	C[C>A]C	0.0074	0.0047	0.0012	0.0161	0.0614	0.005	0.0241	0.0006	0.0203	0.0057	0.0009	0.0017	0.0112	0.0011	0.0102	0.0084	0.01	0.0004	0.0219	0.0159	0.0375	0.0014	0.0023	0.1477	0.0072	0.0051	0.0081
C>A	CCG	C[C>A]G	0.0009	0.0013	0.0006	0.0018	0.0088	0.0028	0.0091	0	0	0	0.0007	0.001	0.0028	0.0014	0.0009	0.0015	0.0022	0.0003	0.0192	0.0018	0.0132	0.0027	0	0.0699	0.0045	0.0018	0.0009
C>A	CCT	C[C>A]T	0.0073	0.0098	0.0011	0.0157	0.0432	0.0111	0.0571	0.0013	0.0296	0.0091	0.016	0.0014	0.0071	0.0011	0.1257	0.0228	0.0084	0	0.0404	0.0096	0.1064	0.0056	0.0036	0.153	0.0083	0.0111	0.0095
C>A	GCA	G[C>A]A	0.0083	0.0169	0.0093	0.0107	0.0376	0.0119	0.0024	0.0003	0.0267	0.0118	0.0014	0.0004	0.0062	0.0009	0.0018	0.0024	0.0096	0.0066	0.1406	0.0032	0.0012	0.0001	0.011	0.0047	0.0072	0.0073	0.0152
C>A	GCC	G[C>A]C	0.0058	0.0067	0.0043	0.0117	0.0399	0.0093	0.0058	0.0001	0.0115	0.0092	0.0022	0.001	0.0056	0.0004	0.0114	0.0099	0.0094	0.0013	0.0152	0.0031	0.0034	0.0038	0.0039	0.0077	0.003	0.0108	0.0094
C>A	GCG	G[C>A]G	0.0006	0.0015	0.0011	0.001	0.0227	0.0028	0.0021	0	0	0	0.0002	0	0.0015	0.0002	0.0011	0.0013	0.0036	0.0013	0.0097	0	0.0041	0.0003	0	0.0056	0.0004	0	0.0025
C>A	GCT	G[C>A]T	0.0045	0.0081	0.0027	0.0135	0.0258	0.0104	0.0087	0.0001	0.0203	0.0085	0.0088	0.0006	0.0027	0.001	0.0736	0.0309	0.0063	0.0031	0.0768	0.0072	0.0134	0.0023	0.0032	0.0066	0.0024	0.0081	0.0101
C>A	TCA	T[C>A]A	0.0124	0.0134	0.0247	0.0138	0.033	0.0148	0.0017	0.001	0.0286	0.0222	0.0374	0.0009	0.0066	0.0354	0.0005	0.0057	0.0122	0.0018	0.0646	0.0051	0.0007	0.0001	0.0241	0.0264	0.0123	0.0164	0.0241
C>A	TCC	T[C>A]C	0.0113	0.0119	0.0138	0.0175	0.0538	0.0121	0.0029	0.002	0.0166	0.0043	0.0103	0.0025	0.0099	0.0168	0.0166	0.0062	0.0145	0.0013	0.0392	0.0063	0.0042	0.0005	0.0069	0.0235	0.0071	0.0032	0.0175
C>A	TCG	T[C>A]G	0.0023	0.0034	0.0028	0.0016	0.0104	0.0039	0.0011	0.0002	0.0018	0	0.0031	0.0001	0.0019	0.0039	0	0.0025	0.004	0.0022	0.0157	0.0018	0.0011	0	0.001	0.0586	0.0025	0.0017	0.0033
C>A	TCT	T[C>A]T	0.0155	0.0191	0.015	0.0181	0.037	0.0183	0.0058	0.0013	0.0466	0.0322	0.3083	0.0004	0.0049	0.0183	0.0516	0.0145	0.0157	0.0049	0.1125	0.0087	0.0121	0.0004	0.008	0.0245	0.003	0.02	0.0214
C>G	ACA	A[C>G]A	0.0018	0.0051	0.0048	0.0216	0.0097	0.0117	0.0013	0	0.0085	0.0048	0.0005	0.0007	0.0031	0.0018	0.0001	0.0011	0.0048	0.0016	0.0014	0.0058	0.0005	0.0005	0.0038	0.0024	0.0012	0.0044	0.0108
C>G	ACC	A[C>G]C	0.0026	0.0043	0.0031	0.0109	0.0054	0.0073	0.0012	0	0.0037	0.0023	0.0003	0.0003	0.0015	0.0014	0	0.0001	0.0024	0.0016	0.0017	0.0019	0.0022	0.0008	0.0046	0.0018	0.0015	0.0065	0.0074
C>G	ACG	A[C>G]G	0.0006	0.0012	0.0002	0.0038	0.0031	0.0023	0	0	0.0008	0	0	0	0	0.0007	0	0.0006	0	0	0.0027	0	0	0	0.0007	0.0005	0	0.0044	0.0001
C>G	ACT	A[C>G]T	0.003	0.0054	0.0062	0.0208	0.0054	0.0117	0.0018	0.0001	0.0081	0.0038	0.0002	0.0009	0.0025	0.0014	0.0001	0.001	0.0073	0.0012	0.0043	0.0072	0.0006	0.0018	0.0038	0.0015	0.0022	0.009	0.012
C>G	CCA	C[C>G]A	0.0013	0.0021	0.0042	0.0153	0.0105	0.0076	0	0.0001	0.0054	0.0018	0	0	0.0019	0.0052	0	0.0009	0.004	0.0019	0.0001	0.0002	0	0.0001	0.0013	0.0036	0.0005	0.005	0.0074
C>G	CCC	C[C>G]C	0.0007	0.0031	0.0018	0.0124	0.0097	0.0077	0	0.0004	0.0039	0.002	0	0.0002	0.0019	0.0004	0	0.0003	0.005	0.0007	0.0039	0.0028	0.0006	0	0.0015	0.0022	0.0003	0.0034	0.0071
C>G	CCG	C[C>G]G	0.0005	0.0012	0.0002	0.0029	0.0063	0.0026	0	0.0006	0.0011	0	0	0.0008	0	0.0001	0	0.0004	0.0028	0	0.0058	0.0002	0	0	0.0042	0.0028	0.0001	0.0053	0.0016
C>G	CCT	C[C>G]T	0.0014	0.0037	0.0044	0.0218	0.0094	0.0095	0.0002	0.0003	0.0069	0.0039	0	0.0002	0.0019	0.0041	0	0.0017	0.008	0.0009	0.0058	0.0008	0.0001	0.0003	0.0035	0.0046	0.0015	0.0088	0.0131
C>G	GCA	G[C>G]A	0.0006	0.0023	0.0025	0.0111	0.007	0.0056	0	0	0.0033	0.0011	0	0	0.0012	0.001	0.0002	0.0022	0.0031	0.0013	0.0009	0.002	0.0014	0.0004	0.0061	0.0012	0.0001	0.0093	0.0063
C>G	GCC	G[C>G]C	0.0024	0.0029	0.0023	0.009	0.0091	0.0054	0.003	0.0004	0.0025	0.0029	0.0002	0.0002	0.0011	0.0011	0.0001	0.0005	0.0032	0.0002	0.0003	0	0.0019	0.0042	0.0068	0.0017	0.0008	0.0254	0.0052
C>G	GCG	G[C>G]G	0	0.0002	0.0001	0.0011	0.0062	0.0011	0	0	0	0	0	0	0	0	0	0.0006	0	0	0.0005	0	0	0	0	0.0018	0	0.0035	0
C>G	GCT	G[C>G]T	0.0009	0.0036	0.0039	0.0164	0.006	0.0061	0.0017	0	0.0044	0.0044	0.0004	0	0.0009	0.0013	0.0003	0.0018	0.0029	0.0018	0.0015	0	0.0012	0.0004	0.0047	0.0005	0.0006	0.0231	0.008
C>G	TCA	T[C>G]A	0.0019	0.002	0.1281	0.0175	0.0032	0.0027	0	0.0002	0.0053	0.0033	0	0.0001	0.0024	0.2267	0	0.0009	0.005	0.0004	0.0022	0.0005	0	0.0002	0.0009	0.0017	0.0028	0.0076	0.0141
C>G	TCC	T[C>G]C	0.0021	0.0036	0.0339	0.0179	0.0105	0.008	0.0002	0.001	0.0049	0.0025	0	0.0011	0.0027	0.0596	0	0.0026	0.0064	0.0006	0.0084	0.0011	0.0001	0.0003	0.0039	0.004	0.0024	0.0026	0.0129
C>G	TCG	T[C>G]G	0.0003	0.0008	0.0055	0.002	0.0031	0.0013	0	0.0003	0	0	0	0.0003	0	0.0106	0	0	0	0	0.0014	0	0	0	0.001	0.0003	0.0001	0.0029	0.002
C>G	TCT	T[C>G]T	0.0032	0.0069	0.1487	0.0302	0.005	0.0067	0.0001	0.0007	0.0104	0.0049	0.0001	0.0008	0.0015	0.2629	0.0001	0.0015	0.0169	0.0028	0.0033	0.0105	0.0005	0.0003	0.0025	0.0009	0.0049	0.0176	0.0265
C>T	ACA	A[C>T]A	0.0297	0.0265	0.0074	0.0185	0.012	0.0219	0.0312	0	0.0229	0.0093	0	0.0225	0.0121	0.0013	0.0293	0.0117	0.0135	0.0095	0.0035	0.0221	0.0296	0.0051	0.0058	0.0028	0.0152	0.0001	0.0194
C>T	ACC	A[C>T]C	0.0144	0.0165	0.0036	0.0095	0.0075	0.0128	0.0163	0.0197	0.0064	0.0056	0.0032	0.1099	0.0054	0.0016	0.0321	0.0169	0.0076	0.0043	0.0014	0.0203	0.0223	0.0062	0.0057	0.0018	0.0089	0.0007	0.012
C>T	ACG	A[C>T]G	0.171	0.0673	0.0048	0.002	0.0028	0.0166	0.0908	0.0001	0.0293	0.0125	0.0126	0.0072	0.0019	0.004	0.0496	0.0309	0.0035	0.0094	0.009	0.0368	0.0341	0.0256	0.0183	0.0021	0.0046	0	0.0122
C>T	ACT	A[C>T]T	0.0127	0.019	0.0046	0.0147	0.0059	0.0165	0.0149	0.0043	0.0208	0.0076	0.0047	0.0639	0.0067	0.0012	0.0277	0.0066	0.0101	0.0058	0.0048	0.0266	0.0182	0.003	0.0028	0.0016	0.0068	0.01	0.0171
C>T	CCA	C[C>T]A	0.0211	0.0248	0.0136	0.0153	0.021	0.0229	0.0085	0.0754	0.0053	0.0098	0.0012	0.031	0.0187	0.0054	0.006	0.0051	0.021	0.0216	0.0066	0.0438	0.011	0.0034	0.0055	0.0053	0.0284	0.0068	0.0189
C>T	CCC	C[C>T]C	0.0186	0.0183	0.0061	0.0098	0.0144	0.0176	0.0099	0.1007	0.0025	0.0069	0.0024	0.1518	0.0094	0.002	0.0167	0.0088	0.0098	0.0039	0.0035	0.0753	0.0186	0.0091	0.007	0.0006	0.0133	0.0003	0.0157
C>T	CCG	C[C>T]G	0.095	0.0447	0.0049	0.0022	0.0076	0.0129	0.0901	0.0208	0.013	0.0076	0.0109	0.0135	0.0046	0.0043	0.0293	0.0155	0.0016	0.0134	0.0187	0.0238	0.0463	0.0318	0.0141	0.0043	0.0083	0.0014	0.0062
C>T	CCT	C[C>T]T	0.0172	0.0226	0.0103	0.0165	0.0201	0.0205	0.0087	0.0788	0.0162	0.0097	0.0043	0.0816	0.0205	0.0033	0.0186	0.0096	0.0211	0.0098	0.0019	0.1159	0.014	0.004	0.0079	0.0026	0.0064	0.0343	0.0195
C>T	GCA	G[C>T]A	0.025	0.0231	0.0055	0.0181	0.0087	0.0202	0.0653	0	0.0036	0.0062	0	0.0261	0.0124	0.0038	0.0557	0.0476	0.0125	0.0021	0.0032	0.0374	0.0545	0.0163	0.0071	0.0017	0.0126	0.0016	0.0186
C>T	GCC	G[C>T]C	0.0272	0.0254	0.0029	0.0098	0.008	0.0182	0.0773	0.021	0.0025	0.0069	0.0134	0.0975	0.0092	0.0023	0.0618	0.1345	0.0092	0.0003	0.0051	0.0614	0.0529	0.0392	0.007	0.0018	0.0045	0.005	0.0265
C>T	GCG	G[C>T]G	0.1026	0.049	0.002	0.0009	0.0023	0.0133	0.1339	0.0002	0.0177	0.0088	0.027	0.009	0.0023	0.0032	0.0978	0.1829	0.0009	0.0076	0.0134	0.0278	0	0.0019	0.0125	0.0016	0.0015	0.0006	0.0095
C>T	GCT	G[C>T]T	0.0177	0.0231	0.0041	0.0117	0.0082	0.0196	0.0524	0.0161	0.0053	0.0101	0.0152	0.0522	0.0115	0.0024	0.0555	0.08	0.0116	0.0009	0.0016	0.0917	0.0492	0.0166	0.0062	0.0023	0.004	0.0213	0.0164
C>T	TCA	T[C>T]A	0.0145	0.0229	0.2116	0.0106	0.0035	0.0111	0.0074	0.1202	0.0064	0.005	0.0037	0.0302	0.0138	0.1515	0.0092	0.0112	0.0172	0.0164	0.0164	0.0218	0.0107	0.0064	0.0015	0.002	0.0185	0.018	0.0344
C>T	TCC	T[C>T]C	0.0178	0.0234	0.0512	0.0142	0.007	0.0208	0.0067	0.2887	0.0066	0.0084	0.0211	0.1589	0.0095	0.0306	0.0283	0.0156	0.0131	0.017	0.0048	0.033	0.0078	0.0086	0.0078	0.0041	0.0126	0.0082	0.0246
C>T	TCG	T[C>T]G	0.0758	0.0382	0.0266	0.001	0.0011	0.0074	0.0391	0.0992	0.0094	0.0047	0.2141	0.008	0.001	0.0216	0.0094	0.0104	0.0036	0.0165	0.0133	0.009	0.0244	0.0126	0.0072	0.0011	0.0037	0.0005	0.0069
C>T	TCT	T[C>T]T	0.0138	0.0267	0.1043	0.0091	0.0077	0.0118	0.0047	0.0844	0.0145	0.0096	0.0392	0.0954	0.009	0.075	0.0229	0.0076	0.0193	0.0201	0.0015	0.0267	0.0098	0.0064	0.0154	0.002	0.0044	0.0671	0.0261
T>A	ATA	A[T>A]A	0.004	0.0046	0.0021	0.0097	0.0048	0.0087	0.0006	0.001	0.0113	0.0121	0	0.0002	0.0058	0.0002	0	0.0021	0.0081	0.0006	0.0029	0.0011	0.0001	0.0083	0.0144	0.0005	0.0027	0.0115	0.0108
T>A	ATC	A[T>A]C	0.0022	0.012	0.0024	0.0088	0.0039	0.0073	0.0033	0.0008	0.0094	0.0042	0.0002	0.0001	0.0065	0.0006	0.0008	0.009	0.0073	0.0019	0.0008	0.0053	0.0019	0.0292	0.0036	0.0008	0.0018	0	0.0075
T>A	ATG	A[T>A]G	0.0028	0.008	0.0029	0.0079	0.01	0.0114	0	0.0009	0.0105	0.0068	0	0.0007	0.0046	0.0006	0	0.0009	0.008	0.0011	0.0044	0.0045	0.0002	0.0027	0.0033	0.003	0.0005	0.01	0.0095
T>A	ATT	A[T>A]T	0.0083	0.009	0.0025	0.0099	0.003	0.0109	0.0053	0.0035	0.0264	0.0185	0.0012	0.0003	0.006	0.0013	0.0009	0.0079	0.0084	0.002	0	0.0033	0.0053	0.0043	0.0105	0.0007	0.002	0	0.0104
T>A	CTA	C[T>A]A	0.0012	0.0014	0.0003	0.0071	0.0075	0.005	0.0001	0	0.0094	0.0055	0	0.0004	0.0017	0.0001	0	0.0016	0.0054	0	0.0003	0.0043	0	0	0.0024	0.0005	0.0042	0.0077	0.0068
T>A	CTC	C[T>A]C	0.0019	0.0044	0.0016	0.0133	0.0111	0.0062	0.0026	0.0014	0.0132	0.0049	0.0001	0.0011	0.0086	0.001	0.0034	0.0043	0.0128	0.0103	0.0023	0.0053	0.0046	0.0037	0.0042	0.0018	0.0033	0.0064	0.0088
T>A	CTG	C[T>A]G	0.0015	0.0028	0.0032	0.0115	0.0342	0.0105	0.0008	0.0007	0.0121	0.0051	0.0003	0.0006	0.0031	0.0004	0.0002	0.0027	0.013	0.0045	0.0065	0.0021	0.0012	0.0025	0.0004	0.008	0.0043	0.0226	0.0107
T>A	CTT	C[T>A]T	0.0022	0.006	0.0025	0.0163	0.0115	0.0098	0.0011	0.0018	0.0205	0.0069	0.0009	0.0004	0.0054	0.0001	0.002	0.0007	0.0096	0.0315	0.0038	0.0022	0.0025	0.001	0.0016	0.0044	0.0036	0.005	0.0105
T>A	GTA	G[T>A]A	0.0007	0.0017	0.0004	0.0045	0.0069	0.0067	0	0	0.0063	0.003	0	0.0003	0.0015	0.0002	0	0	0.003	0	0.0021	0.0026	0	0	0.0045	0.0001	0.0061	0.0071	0.0061
T>A	GTC	G[T>A]C	0.0005	0.003	0.0012	0.0062	0.0052	0.004	0.0028	0	0.0055	0.0029	0.0001	0.0003	0.0039	0	0.0025	0.0038	0.004	0.0026	0.0015	0	0.004	0.0142	0.002	0.0014	0.001	0.0039	0.0048
T>A	GTG	G[T>A]G	0.0012	0.002	0.0014	0.0086	0.0133	0.0068	0.0006	0.0006	0.0062	0.0028	0	0.0004	0.0019	0.0004	0	0.0026	0.0051	0.0036	0.0014	0.0016	0.0008	0.0031	0.0014	0.0019	0.0024	0.0114	0.0056
T>A	GTT	G[T>A]T	0.0021	0.0022	0.0019	0.0088	0.0045	0.0051	0.0021	0.001	0.0139	0.0036	0.0004	0.0001	0.0031	0.0001	0.0009	0.0043	0.0033	0.0039	0.0039	0.0052	0.0018	0.0041	0.0008	0.0013	0.0012	0.0065	0.0044
T>A	TTA	T[T>A]A	0.0055	0.0044	0.002	0.0066	0.0045	0.0088	0.0002	0.001	0.0192	0.0215	0	0.0003	0.0057	0.0001	0	0.0008	0.0085	0.0006	0.0009	0.0039	0.0001	0.0027	0.0072	0.0004	0.0045	0.0078	0.009
T>A	TTC	T[T>A]C	0.002	0.0055	0.0024	0.0096	0.0046	0.0068	0.0008	0.0015	0.0099	0.0027	0.0008	0	0.0132	0.0005	0.0016	0.0019	0.0087	0.0026	0.0024	0.0048	0.0007	0.0045	0.0012	0.0001	0.0043	0.0085	0.008
T>A	TTG	T[T>A]G	0.0011	0.0023	0.0005	0.0067	0.0082	0.0071	0	0.001	0.0067	0.014	0	0	0.0037	0.0006	0	0.0006	0.0063	0	0.0019	0.0052	0	0	0.0017	0.0007	0.0005	0.0247	0.008
T>A	TTT	T[T>A]T	0.0039	0.0055	0.0029	0.0145	0.0045	0.0101	0.0007	0.005	0.0241	0.0139	0.0028	0.0008	0.0094	0.0007	0.0012	0.0003	0.008	0.0038	0.0021	0.0085	0.001	0.0008	0.0023	0.0015	0.0034	0.0076	0.0125
T>C	ATA	A[T>C]A	0.014	0.0322	0.0051	0.0138	0.0084	0.0352	0.0075	0.0005	0.0164	0.0252	0.0031	0.0006	0.0466	0.003	0.0026	0.0115	0.0717	0.0027	0.0019	0.0145	0.0165	0.0265	0.0069	0.0017	0.0185	0.0121	0.0221
T>C	ATC	A[T>C]C	0.0063	0.0115	0.0018	0.0089	0.002	0.0138	0.0056	0.0001	0.0075	0.0105	0.0052	0.0015	0.0317	0	0.0046	0.0073	0.0171	0.0082	0.0014	0.0048	0.0207	0.0165	0.0089	0.0009	0.0478	0.001	0.0095
T>C	ATG	A[T>C]G	0.0102	0.0181	0.0025	0.0128	0.0081	0.0285	0.0217	0.0007	0.0085	0.0176	0.0026	0.0008	0.0487	0.0008	0.0035	0.0073	0.0348	0.0045	0.0035	0.0135	0.058	0.0224	0.0035	0.0028	0.0329	0.0227	0.0182
T>C	ATT	A[T>C]T	0.0092	0.0307	0.0069	0.0175	0.0036	0.0271	0.0023	0.0011	0.0198	0.0247	0.004	0.0003	0.025	0.0013	0.0025	0.0063	0.0497	0.0031	0.0054	0.016	0.008	0.0189	0.004	0.0019	0.0306	0.0213	0.0217
T>C	CTA	C[T>C]A	0.0042	0.008	0.0017	0.0077	0.0052	0.0143	0.0062	0.001	0.0061	0.0154	0.0005	0.0001	0.0312	0.0008	0.0006	0.0032	0.0146	0.0075	0	0.0066	0.0148	0.0219	0.002	0.0005	0.0223	0.006	0.0096
T>C	CTC	C[T>C]C	0.0053	0.0098	0.0019	0.0139	0.0026	0.0126	0.004	0.0008	0.0108	0.0118	0.0019	0.0004	0.0385	0.0011	0.0053	0.005	0.0194	0.0402	0.0034	0.007	0.0196	0.01	0.0224	0.0017	0.0834	0.0155	0.0064
T>C	CTG	C[T>C]G	0.0071	0.0119	0.0011	0.0089	0.01	0.0189	0.027	0.001	0.0081	0.0154	0.0015	0.0001	0.0415	0.0004	0.0016	0.0128	0.019	0.029	0.0025	0.004	0.079	0.0211	0.0056	0.0025	0.0504	0.0617	0.0164
T>C	CTT	C[T>C]T	0.0068	0.0159	0.0036	0.0117	0.0054	0.0191	0.0033	0.0045	0.0119	0.0275	0.002	0.0009	0.0324	0.0004	0.0027	0.0035	0.0263	0.1028	0.0009	0.0053	0.011	0.0204	0.0034	0.002	0.0958	0.018	0.003
T>C	GTA	G[T>C]A	0.0113	0.0116	0.0013	0.0081	0.0061	0.0164	0.0122	0.0002	0.0068	0.0091	0.0064	0.001	0.0573	0.0008	0.0078	0.0195	0.0161	0	0.0004	0.0039	0.0002	0.1426	0.0034	0.0007	0.0221	0.0056	0.0062
T>C	GTC	G[T>C]C	0.007	0.0099	0.0008	0.0064	0.0016	0.0096	0.0059	0.0001	0.0057	0.0097	0.0101	0.0016	0.0274	0.001	0.0127	0.0499	0.0099	0.0098	0.0025	0.003	0.0013	0.0665	0.0072	0.0012	0.0576	0.0064	0.0026
T>C	GTG	G[T>C]G	0.005	0.0101	0.001	0.0069	0.0042	0.0142	0.0115	0.0003	0.0053	0.0094	0.0054	0.0019	0.041	0.0001	0.0082	0.0154	0.0148	0.0047	0.0066	0.006	0.0287	0.0884	0.0023	0.002	0.0353	0.0094	0.0094
T>C	GTT	G[T>C]T	0.0107	0.0145	0.0017	0.0086	0.0024	0.0157	0.0042	0.0081	0.0071	0.0126	0.0124	0.0023	0.0405	0.0007	0.0086	0.0094	0.0142	0.0082	0.0048	0.0099	0.0007	0.1003	0.0047	0.0018	0.0607	0.0068	0.0041
T>C	TTA	T[T>C]A	0.0081	0.0085	0.0024	0.0091	0.0028	0.017	0.0059	0.0023	0.0066	0.0156	0.003	0.0002	0.05	0.0005	0.0018	0.0068	0.0246	0.0017	0.0002	0.0052	0.004	0.0389	0.006	0.0011	0.0093	0.0182	0.0112
T>C	TTC	T[T>C]C	0.0048	0.0104	0.0015	0.0105	0.0016	0.0142	0.0035	0.0018	0.0074	0.0137	0.0097	0.0009	0.0342	0.0006	0.0056	0.0099	0.0183	0.0112	0.0069	0.002	0.0113	0.0313	0.0087	0.0008	0.0543	0.0074	0.0046
T>C	TTG	T[T>C]G	0.0084	0.0075	0.0008	0.0066	0.0036	0.0126	0.0106	0.0019	0.0029	0.0098	0.0065	0.0007	0.032	0.0002	0.0034	0.0039	0.0165	0.006	0.0011	0.0057	0.0242	0.0249	0.0032	0.0015	0.0237	0.0249	0.0083
T>C	TTT	T[T>C]T	0.0061	0.0141	0.0024	0.0108	0.0022	0.0173	0.0029	0.0024	0.0118	0.0309	0.0099	0.0005	0.0371	0.0012	0.0026	0.0047	0.0174	0.0072	0.0014	0.0038	0.0041	0.0274	0.0043	0.0013	0.0365	0.0245	0.014
T>G	ATA	A[T>G]A	0.0016	0.001	0.0001	0.0008	0	0.0033	0	0	0.0054	0.0335	0	0	0.0012	0.0001	0	0	0.0052	0	0	0.0014	0	0	0.0013	0	0.0001	0	0.0046
T>G	ATC	A[T>G]C	0.0018	0.0009	0.0005	0.001	0.0002	0.0022	0.0017	0	0.0008	0.0051	0.004	0	0.001	0	0.002	0.0006	0.0042	0.0065	0.0011	0	0.0004	0.0031	0	0	0.0008	0	0.0077
T>G	ATG	A[T>G]G	0.0014	0.0037	0.0017	0.0081	0.0015	0.0055	0.0007	0.0009	0.0061	0.0052	0.0015	0.0001	0.0018	0	0.0007	0.0012	0.0061	0.0035	0.0028	0.001	0.0007	0.0016	0.0025	0.0011	0.0016	0.0295	0.006
T>G	ATT	A[T>G]T	0.0032	0.0036	0.0006	0.0064	0.0002	0.0037	0.0029	0	0.0042	0.0193	0.0137	0	0.003	0	0.0056	0.0029	0.0076	0.0306	0	0.0017	0.0004	0.0018	0.0029	0	0.0006	0	0.0124
T>G	CTA	C[T>G]A	0.0003	0.0009	0.0001	0.0007	0	0.002	0.0001	0	0.0028	0.0216	0.0022	0	0.0013	0	0	0	0.0002	0	0	0	0	0	0.0006	0	0	0	0.0001
T>G	CTC	C[T>G]C	0.0021	0.0023	0.0012	0.0057	0.0013	0.0035	0.004	0.0008	0.0012	0.0064	0.0018	0.0001	0.0049	0.0002	0.002	0.0019	0.0082	0.0195	0.0024	0.0011	0.0091	0.0005	0.0018	0.0008	0.0018	0.0044	0.0045
T>G	CTG	C[T>G]G	0.0016	0.0032	0.0014	0.0096	0.0046	0.0072	0.005	0.0009	0.006	0.0126	0.0037	0.0011	0.0045	0.0001	0.0005	0.0007	0.0067	0.0134	0.0064	0.0013	0.0167	0.0004	0.0058	0.0017	0.0016	0.0254	0.0058
T>G	CTT	C[T>G]T	0.0028	0.0071	0.0011	0.0104	0.0012	0.0116	0.0086	0.0013	0.0077	0.0509	0.0182	0.0009	0.0063	0.0006	0.0063	0.0045	0.0186	0.2591	0.0021	0.0019	0.0017	0.0032	0.0015	0.0018	0.002	0.005	0.0099
T>G	GTA	G[T>G]A	0.0001	0.0005	0	0.0036	0	0.0016	0	0	0.0002	0.0072	0	0	0	0	0	0	0	0	0.0016	0	0	0	0.022	0	0	0	0.0012
T>G	GTC	G[T>G]C	0.0002	0.0009	0.0005	0.0046	0	0.0003	0.0016	0	0	0.0006	0.002	0	0.0004	0	0.0019	0.0022	0.0032	0.0091	0	0	0.0031	0.0006	0.0394	0	0.0001	0.0031	0.0011
T>G	GTG	G[T>G]G	0.0012	0.0047	0.0017	0.0177	0.0018	0.006	0.001	0.0017	0.0058	0.005	0.0009	0.001	0.0011	0.0003	0.0012	0.0037	0.0008	0.0048	0.0118	0.0043	0.003	0.0004	0.4246	0.0008	0.0012	0.0176	0.0057
T>G	GTT	G[T>G]T	0.0008	0.0022	0.0005	0.0069	0.0002	0.0033	0.0035	0.0009	0.0075	0.0185	0.003	0	0.0032	0.0011	0.0038	0.019	0.0044	0.0633	0.0032	0.0025	0.0036	0.0008	0.04	0	0.0006	0.0096	0.0064
T>G	TTA	T[T>G]A	0.0014	0.0009	0.0004	0.0032	0	0.0051	0.0009	0	0.0029	0.0502	0.005	0	0.0019	0.0001	0	0	0.0068	0	0	0.0032	0	0	0.0018	0	0.0007	0.0166	0.0048
T>G	TTC	T[T>G]C	0.0013	0.0035	0.0014	0.0056	0.0003	0.0051	0.0019	0.001	0.0031	0.0081	0.0092	0	0.0027	0.0004	0.0015	0.0004	0.0069	0.0096	0.0036	0.0018	0.0004	0.0018	0.0021	0	0.001	0	0.0089
T>G	TTG	T[T>G]G	0.002	0.0029	0.0024	0.0099	0.003	0.006	0.0011	0.001	0.0067	0.0088	0.0022	0.0003	0.0011	0.0001	0.0002	0.0009	0.0049	0.0045	0.0008	0.0011	0.0004	0.0003	0.0055	0.0011	0.0009	0.0356	0.0076
T>G	TTT	T[T>G]T	0.004	0.0085	0.002	0.0113	0.0011	0.0132	0.0072	0.0014	0.0112	0.0545	0.0633	0.0003	0.0032	0.0003	0.0025	0.0033	0.0163	0.0572	0.0015	0.0013	0	0.0003	0.0042	0.0009	0.001	0.0113	0.0174